35
11
0
2
3
14
14
2
2
5
5
4
1
0
0
0
0
0
0
0
0
0
0
0
0
0
0
0
0
0
0
0
0
0
0
0
0
0
0
0
0
0
0
6
7
7
1
1
17
0
0
0
0
1
0
0
0
0
0
0
34
5
2
0
0
0
0
0
0
0
0
0
0
0
0
0
0
0
0
0
0
0
0
0
0
0
0
0
0
0
0
0
0
1
1
1
1
1
1
1
1
1
1
1
1
1
1
0
0
0
1
1
1
1
1
1
1
1
1
1
1
1
1
1
1
1
1
1
1
1
1
1
1
1
1
1
1
1
1
1
1
1
1
1
1
1
1
1
1
1
1
1
1
1
1
1
1
1
1
1
1
1
1
1
1
1
1
1
1
1
1
1
1
1
1
1
1
1
1
1
1
1
1
1
1
1
1
1
1
1
1
1
1
1
1
1
1
1
1
1
1
1
1
1
1
1
1
1
1
1
1
1
1
1
1
1
1
1
1
1
1
1
1
1
1
1
1
1
1
1
1
1
1
1
1
1
1
1
1
1
1
1
1
1
1
1
1
1
1
1
1
1
1
1
1
1
1
1
1
1
1
1
1
1
1
1
1
1
1
1
1
1
1
1
1
1
1
1
1
1
1
1
1
1
1
1
1
0
0
0
0
0
0
0
0
0
0
0
0
0
0
0
0
0
0
0
0
0
0
0
1
0
4
2
0
0
0
0
0
0
0
0
0
0
0
0
1
0
0
0
0
0
0
0
0
1
0
0
0
0
1
0
0
0
1
1
0
0
0
0
0
0
0
0
0
0
0
0
0
0
1
2
0
3
0
0
1
0
0
0
0
0
0
0
0
0
0
0
0
0
0
0
0
0
0
1
0
0
0
0
0
0
0
0
0
0
0
0
0
1
0
0
0
0
0
0
0
0
0
0
0
0
0
0
0
0
0
0
0
0
0
1
0
0
0
0
0
1
0
0
0
0
2
6
0
0
0
0
0
0
1
2
0
1
6
0
4
0
0
4
1
0
1
3
0
0
1
1
0
0
0
0
0
1
0
0
0
4
1
4
3
0
6
0
0
0
0
1
0
0
0
0
0
0
0
0
0
0
0
0
0
0
2
1
1
0
0
0
0
0
1
0
0
0
0
0
0
0
0
0
0
2
2
0
1
0
0
1
0
4
7
1
0
0
0
0
0
0
4
3
2
1
2
4
0
0
0
0
0
0
0
0
0
0
0
0
0
0
0
0
0
0
5
0
1
0
8
0
0
1
1
0
10
2
8
0
0
0
0
0
0
8
8
0
0
0
1
7
0
0
6
1
0
0
0
0
2
2
2
0
0
1
0
0
0
1
0
0
0
0
0
0
0
0
0
0
0
0
0
0
0
0
0
0
0
0
0
1
2
0
0
0
0
0
0
0
0
0
0
0
0
0
0
0
0
0
0
0
0
0
0
0
0
0
0
0
0
0
0
0
0
0
0
0
0
0
0
0
0
0
0
0
0
0
0
0
0
0
0
0
0
0
0
0
0
0
0
0
0
0
0
0
13
14
0
0
0
0
0
0
0
0
0
0
0
1
0
1
0
0
132
6
12
145
9
3
4
4
4
2
0
1
1
1
1
1
1
3
2
1
1
1
1
1
4
4
5
0
0
2
1
0
0
1
4
1
7
3
10
1
4
0
0
0
0
0
0
0
3
2
0
2
1
1
1
2
1
1
1
1
5
0
0
0
0
0
0
0
0
0
0
0
0
0
0
0
0
0
0
0
0
0
0
0
0
0
0
1
0
0
0
1
0
0
1
0
0
0
0
0
1
0
1
0
0
0
0
1
0
1
0
0
0
0
0
0
0
0
0
0
0
0
0
0
0
0
0
0
0
1
0
0
0
0
0
0
0
0
0
0
0
0
0
0
0
1
5
5
7
0
1
4
0
1
2
0
0
3
3
7
8
1
2
0
0
0
2
1
0
1
6
1
1
3
2
8
12
11
0
0
0
1
1
2
1
0
1
0
0
1
3
2
2
0
1
2
0
2
0
0
0
0
0
0
0
0
0
0
0
5
2
22
1
0
0
0
0
0
0
0
1
2
1
1
2
0
0
0
1
0
0
0
2
18
0
0
0
4
9
3
0
1
1
3
10
4
0
1
0
0
0
5
5
0
14
1
2
3
1
1
6
8
0
10
1
3
8
0
6
6
5
2
4
1
3
2
5
2
2
5
2
3
2
1
2
1
2
10
5
3
0
1
1
3
2
1
1
2
1
3
1
2
0
1
3
1
4
1
3
0
0
1
0
6
3
1
12
2
1
6
0
0
14
5
1
1
9
0
7
7
3
0
0
5
1
3
14
1
1
0
1
1
0
2
1
1
1
0
1
1
0
0
3
0
0
4
1
0
9
1
1
2
3
0
2
2
8
2
2
0
1
1
0
0
1
0
0
2
1
1
0
0
2
0
0
0
1
0
0
0
0
0
4
8
4
3
1
3
1
4
4
2
17
1
3
1
0
14
3
1
6
3
2
1
2
0
2
0
0
1
0
1
2
0
0
0
1
0
0
2
0
1
0
2
1
2
3
1
3
7
1
1
2
2
1
2
2
2
10
5
6
3
1
3
1
1
1
3
10
2
1
3
6
10
2
3
6
5
3
9
1
0
2
4
2
3
1
3
2
4
0
1
0
1
4
0
1
0
3
0
0
0
0
1
2
1
3
1
0
2
1
8
1
1
4
16
2
1
17
0
1
1
1
7
5
11
1
6
4
0
4
10
3
1
8
2
32
0
7
2
0
9
0
0
2
3
5
9
5
2
2
1
0
0
0
2
13
7
3
